function [w2,g2]=tri_gausspoints(i)
if i==13
    g2=[0.333333333333333,0.333333333333333,0.333333333333333;
    0.479308067841923,0.260345966079038,0.260345966079038;
    0.260345966079038,0.479308067841923,0.260345966079038;
    0.260345966079038,0.260345966079038,0.479308067841923;
    0.869739794195568,0.0651301029022160,0.0651301029022160;   %书中数字写错了，应为5568     0.869739794195598,0.0651301029022160,0.0651301029022160;
    0.0651301029022160,0.869739794195568,0.0651301029022160;
    0.0651301029022160,0.0651301029022160,0.869739794195568;
    0.638444188569809,0.312865496004875,0.0486903154253160;
    0.312865496004875,0.638444188569809,0.0486903154253160;
    0.312865496004875,0.0486903154253160,0.638444188569809;
    0.638444188569809,0.0486903154253160,0.312865496004875;
    0.0486903154253160,0.638444188569809,0.312865496004875;
    0.0486903154253160,0.312865496004875,0.638444188569809;];

    w2=[-0.149570044467670; 0.175615257433204; 0.175615257433204; 0.175615257433204;
         0.0533472356088390; 0.0533472356088390; 0.0533472356088390; 0.0771137608902570;
         0.0771137608902570; 0.0771137608902570; 0.0771137608902570; 0.0771137608902570;
         0.0771137608902570;]/2;
end
end

